0,0.0,0.0,0.0,0.0,0.0
1,100,0,0,0,0
2,100,0,0,0,0
3,100,0,0,0,0
4,100,0,0,0,0
5,100,0,0,0,0
6,100,0,0,0,0
7,100,0,0,0,0
8,100,0,0,0,0
9,100,0,0,0,0
10,100,0,0,0,0
11,100,0,0,0,0
12,100,0,0,0,0
13,100,0,0,0,0
14,100,1.11022e-14,1.11022e-14,0,0
15,100,2.16493e-13,2.16493e-13,2.2803e-29,2.2803e-29
16,100,3.64153e-12,3.64153e-12,7.43779e-27,7.43779e-27
17,100,4.79505e-11,4.79505e-11,1.62096e-24,1.62096e-24
18,100,5.05801e-10,5.05801e-10,2.21163e-22,2.21163e-22
19,100,4.38198e-09,4.38198e-09,1.98269e-20,1.98269e-20
20,100,3.18193e-08,3.18193e-08,1.22213e-18,1.22213e-18
21,100,1.97056e-07,1.97056e-07,5.37994e-17,5.37994e-17
22,100,1.05651e-06,1.05651e-06,1.7474e-15,1.7474e-15
23,100,4.96798e-06,4.96798e-06,4.30725e-14,4.30725e-14
24,100,2.07223e-05,2.07223e-05,8.25744e-13,8.25744e-13
25,99.9998,7.74421e-05,7.74421e-05,1.25794e-11,1.25794e-11
26,99.9995,0.000261592,0.000261592,1.55189e-10,1.55189e-10
27,99.9984,0.000804975,0.000804972,1.57664e-09,1.57664e-09
28,99.9955,0.00227243,0.0022724,1.33894e-08,1.33894e-08
29,99.9882,0.00592207,0.00592188,9.63277e-08,9.63277e-08
30,99.9713,0.0143283,0.0143271,5.94194e-07,5.94194e-07
31,99.9353,0.0323506,0.0323442,3.17701e-06,3.17701e-06
32,99.863,0.0684799,0.0684502,1.48703e-05,1.48703e-05
33,99.727,0.136487,0.136364,6.1485e-05,6.1485e-05
34,99.4857,0.257138,0.256685,0.00022646,0.00022646
35,99.0808,0.459575,0.458078,0.000748772,0.000748772
36,98.4363,0.781833,0.777355,0.00223866,0.00223866
37,97.4601,1.26995,1.25777,0.00609335,0.00609335
38,96.0494,1.97532,1.94493,0.0151965,0.0151965
39,94.0996,2.95019,2.88032,0.0349368,0.0349368
40,91.5166,4.24168,4.09275,0.0744685,0.0744685
41,88.2296,5.8852,5.58927,0.147969,0.147969
42,84.2037,7.89817,7.34719,0.275488,0.275488
43,79.4493,10.2754,9.30954,0.482911,0.482911
44,74.0265,12.9868,11.3855,0.80062,0.80062
45,68.0433,15.9783,13.4569,1.26074,1.26074
46,61.6481,19.176,15.3897,1.89313,1.89313
47,55.0167,22.4916,17.05,2.72085,2.72085
48,48.3376,25.8312,18.3196,3.75579,3.75579
49,41.7953,29.1024,19.1113,4.99554,4.99554
50,35.556,32.222,19.378,6.42203,6.42203
51,29.7565,35.1218,19.117,8.00238,8.00238
52,24.4971,37.7514,18.3678,9.69181,9.69181
53,19.8394,40.0803,17.2043,11.438,11.438
54,15.8076,42.0962,15.7239,13.1861,13.1861
55,12.3936,43.8032,14.035,14.8841,14.8841
56,9.56315,45.2184,12.2449,16.4868,16.4868
57,7.2641,46.3679,10.4507,17.9586,17.9586
58,5.43313,47.2834,8.73199,19.2757,19.2757
59,4.00243,47.9988,7.14796,20.4254,20.4254
60,2.90489,48.5475,5.73663,21.4055,21.4055
61,2.07776,48.9611,4.51678,22.2222,22.2222
62,1.46506,49.2674,3.49122,22.8882,22.8881
63,1.01868,49.4905,2.65076,23.4201,23.42
64,0.698691,49.6503,1.97821,23.8365,23.8363
65,0.472851,49.7629,1.45194,24.1564,24.156
66,0.315855,49.8407,1.04882,24.3977,24.397
67,0.208309,49.8932,0.746325,24.5767,24.5754
68,0.135679,49.9274,0.523964,24.7077,24.7053
69,0.0873026,49.9478,0.36406,24.8025,24.7983
70,0.0555107,49.9574,0.252082,24.8712,24.8638
71,0.0348883,49.9574,0.176649,24.9218,24.9092
72,0.0216799,49.9476,0.129341,24.9611,24.9403
73,0.0133236,49.9263,0.104435,24.9948,24.9612
74,0.00810002,49.8902,0.0986103,25.028,24.9751
75,0.00487258,49.8344,0.110693,25.0658,24.9842
76,0.002901,49.7523,0.141426,25.1132,24.9901
77,0.00170984,49.6354,0.193287,25.1758,24.9939
78,0.000997882,49.4729,0.27032,25.2596,24.9962
79,0.000576793,49.2523,0.377962,25.3714,24.9977
80,0.000330271,48.9593,0.522847,25.5189,24.9986
81,0.00018738,48.5779,0.712552,25.7102,24.9992
82,0.000105358,48.0912,0.955274,25.9539,24.9995
83,5.87202e-05,47.4822,1.25943,26.2586,24.9997
84,3.24466e-05,46.7342,1.63322,26.6328,24.9998
85,1.77785e-05,45.8322,2.08404,27.0838,24.9999
86,9.66142e-06,44.7641,2.61805,27.6179,24.9999
87,5.20818e-06,43.521,3.23956,28.2395,25
88,2.7855e-06,42.0989,3.95059,28.9505,25
89,1.47831e-06,40.499,4.75054,29.7505,25
90,7.78654e-07,38.7282,5.63593,30.6359,25
91,4.07105e-07,36.7993,6.60033,31.6003,25
92,2.11309e-07,34.731,7.6345,32.6345,25
93,1.08903e-07,32.5467,8.72665,33.7267,25
94,5.57368e-08,30.2742,9.8629,34.8629,25
95,2.83322e-08,27.9443,11.0278,36.0278,25
96,1.43058e-08,25.5896,12.2052,37.2052,25
97,7.17627e-09,23.243,13.3785,38.3785,25
98,3.57678e-09,20.9365,14.5318,39.5318,25
99,1.77154e-09,18.6996,15.6502,40.6502,25
100,8.72014e-10,16.5586,16.7207,41.7207,25
101,4.26637e-10,14.5359,17.732,42.732,25
102,2.07501e-10,12.649,18.6755,43.6755,25
103,1.00331e-10,10.9104,19.5447,44.5448,25
104,4.82392e-11,9.32798,20.3359,45.3361,25.0001
105,2.30593e-11,7.90475,21.0474,46.0478,25.0001
106,1.09579e-11,6.63964,21.6797,46.6804,25.0002
107,5.18474e-12,5.52794,22.2353,47.2364,25.0004
108,2.44249e-12,4.56201,22.7178,47.7196,25.0006
109,1.14353e-12,3.73198,23.132,48.135,25.001
110,5.32907e-13,3.02646,23.4836,48.4884,25.0016
111,2.44249e-13,2.43312,23.7785,48.7859,25.0025
112,1.11022e-13,1.93934,24.0227,49.0341,25.0038
113,5.55112e-14,1.53262,24.2222,49.2394,25.0057
114,2.22045e-14,1.20098,24.3824,49.4081,25.0086
115,1.11022e-14,0.933241,24.5082,49.546,25.0126
116,0,0.719184,24.6039,49.6587,25.0183
117,0,0.549681,24.673,49.7513,25.0261
118,0,0.416719,24.718,49.8285,25.0368
119,0,0.313383,24.7408,49.8946,25.0513
120,0,0.2338,24.7421,49.9536,25.0705
121,0,0.173058,24.7222,50.0091,25.0957
122,0,0.127102,24.68,50.0647,25.1282
123,0,0.0926338,24.6141,50.1235,25.1698
124,0,0.067001,24.522,50.1887,25.2222
125,0,0.0480979,24.401,50.2634,25.2875
126,0,0.0342724,24.2475,50.3506,25.3677
127,0,0.0242425,24.0577,50.453,25.4651
128,0,0.017024,23.8277,50.5734,25.5819
129,0,0.0118696,23.5533,50.7145,25.7204
130,0,0.00821751,23.2305,50.8786,25.8827
131,0,0.00564954,22.8559,51.0678,26.0706
132,0,0.00385738,22.4264,51.2839,26.2859
133,0,0.00261586,21.9395,51.5283,26.5296
134,0,0.00176205,21.394,51.8017,26.8026
135,0,0.00117907,20.7894,52.1044,27.105
136,0,0.00078382,20.1265,52.4362,27.4366
137,0,0.000517705,19.4074,52.7959,27.7962
138,0,0.000339762,18.6353,53.1821,28.1822
139,0,0.000221578,17.815,53.5923,28.5925
140,0,0.000143607,16.952,54.0239,29.024
141,0,9.2502e-05,16.0532,54.4733,29.4734
142,0,5.92231e-05,15.1261,54.9369,29.9369
143,0,3.769e-05,14.1792,55.4104,30.4104
144,0,2.38446e-05,13.221,55.8895,30.8895
145,0,1.49974e-05,12.2606,56.3697,31.3697
146,0,9.37845e-06,11.3068,56.8466,31.8466
147,0,5.83137e-06,10.3682,57.3159,32.3159
148,0,3.60549e-06,9.45279,57.7736,32.7736
149,0,2.21688e-06,8.56791,58.216,33.216
150,0,1.3556e-06,7.72,58.64,33.64
151,0,8.24455e-07,6.91451,59.0427,34.0427
152,0,4.98738e-07,6.15582,59.4221,34.4221
153,0,3.00108e-07,5.4472,59.7764,34.7764
154,0,1.79644e-07,4.79081,60.1046,35.1046
155,0,1.06979e-07,4.18778,60.4061,35.4061
156,0,6.33827e-08,3.63823,60.6809,35.6809
157,0,3.73637e-08,3.1414,60.9293,35.9293
158,0,2.19161e-08,2.69576,61.1521,36.1521
159,0,1.2792e-08,2.29915,61.3504,36.3504
160,0,7.43017e-09,1.94886,61.5256,36.5256
161,0,4.29506e-09,1.64183,61.6791,36.6791
162,0,2.47101e-09,1.37473,61.8126,36.8126
163,0,1.41494e-09,1.14408,61.928,36.928
164,0,8.06467e-10,0.946349,62.0268,37.0268
165,0,4.57551e-10,0.778067,62.111,37.111
166,0,2.58417e-10,0.635863,62.1821,37.1821
167,0,1.45296e-10,0.516542,62.2417,37.2417
168,0,8.13319e-11,0.417115,62.2914,37.2914
169,0,4.53276e-11,0.334834,62.3326,37.3326
170,0,2.51524e-11,0.267204,62.3664,37.3664
171,0,1.38974e-11,0.211988,62.394,37.394
172,0,7.6462e-12,0.167206,62.4164,37.4164
173,0,4.18922e-12,0.131124,62.4344,37.4344
174,0,2.28569e-12,0.102239,62.4489,37.4489
175,0,1.24198e-12,0.0792648,62.4604,37.4604
176,0,6.72118e-13,0.0611062,62.4694,37.4694
177,0,3.62263e-13,0.0468439,62.4766,37.4766
178,0,1.94477e-13,0.0357109,62.4821,37.4821
179,0,1.0399e-13,0.0270737,62.4865,37.4865
180,0,5.53866e-14,0.0204133,62.4898,37.4898
181,0,2.93849e-14,0.015308,62.4923,37.4923
182,0,1.55296e-14,0.0114177,62.4943,37.4943
183,0,8.1756e-15,0.00847063,62.4958,37.4958
184,0,4.28757e-15,0.00625099,62.4969,37.4969
185,0,2.23996e-15,0.00458878,62.4977,37.4977
186,0,1.16576e-15,0.00335104,62.4983,37.4983
187,0,6.04392e-16,0.00243453,62.4988,37.4988
188,0,3.12154e-16,0.00175964,62.4991,37.4991
189,0,1.60604e-16,0.00126539,62.4994,37.4994
190,0,8.23136e-17,0.000905391,62.4995,37.4995
191,0,4.20251e-17,0.000644581,62.4997,37.4997
192,0,2.13726e-17,0.000456634,62.4998,37.4998
193,0,1.08269e-17,0.000321904,62.4998,37.4998
194,0,5.46297e-18,0.000225824,62.4999,37.4999
195,0,2.74548e-18,0.000157659,62.4999,37.4999
196,0,1.3742e-18,0.000109544,62.4999,37.4999
197,0,6.85012e-19,7.57534e-05,62.5,37.5
198,0,3.40049e-19,5.21403e-05,62.5,37.5
199,0,1.68093e-19,3.57209e-05,62.5,37.5
200,0,8.27359e-20,2.43594e-05,62.5,37.5
201,0,4.05454e-20,1.65357e-05,62.5,37.5
202,0,1.97815e-20,1.1174e-05,62.5,37.5
203,0,9.60749e-21,7.51697e-06,62.5,37.5
204,0,4.64466e-21,5.03432e-06,62.5,37.5
205,0,2.23485e-21,3.35676e-06,62.5,37.5
206,0,1.07016e-21,2.22842e-06,62.5,37.5
207,0,5.09925e-22,1.47295e-06,62.5,37.5
208,0,2.4175e-22,9.69421e-07,62.5,37.5
209,0,1.14018e-22,6.35306e-07,62.5,37.5
210,0,5.34889e-23,4.14589e-07,62.5,37.5
211,0,2.49553e-23,2.69421e-07,62.5,37.5
212,0,1.1577e-23,1.74357e-07,62.5,37.5
213,0,5.33913e-24,1.12373e-07,62.5,37.5
214,0,2.44729e-24,7.21285e-08,62.5,37.5
215,0,1.11461e-24,4.611e-08,62.5,37.5
216,0,5.04246e-25,2.93589e-08,62.5,37.5
217,0,2.26508e-25,1.8619e-08,62.5,37.5
218,0,1.00985e-25,1.17614e-08,62.5,37.5
219,0,4.466e-26,7.40054e-09,62.5,37.5
220,0,1.95785e-26,4.63856e-09,62.5,37.5
221,0,8.50121e-27,2.89623e-09,62.5,37.5
222,0,3.65218e-27,1.80147e-09,62.5,37.5
223,0,1.5506e-27,1.11629e-09,62.5,37.5
224,0,6.49578e-28,6.8913e-10,62.5,37.5
225,0,2.67473e-28,4.23848e-10,62.5,37.5
226,0,1.07852e-28,2.59727e-10,62.5,37.5
227,0,4.25245e-29,1.58576e-10,62.5,37.5
228,0,1.60237e-29,9.6468e-11,62.5,37.5
229,0,6.16298e-30,5.84746e-11,62.5,37.5
230,0,1.84889e-30,3.53185e-11,62.5,37.5
231,0,6.16298e-31,2.1257e-11,62.5,37.5
232,0,0,1.27491e-11,62.5,37.5
233,0,0,7.61983e-12,62.5,37.5
234,0,0,4.53851e-12,62.5,37.5
235,0,0,2.69398e-12,62.5,37.5
236,0,0,1.59368e-12,62.5,37.5
237,0,0,9.39609e-13,62.5,37.5
238,0,0,5.5213e-13,62.5,37.5
239,0,0,3.23368e-13,62.5,37.5
240,0,0,1.88767e-13,62.5,37.5
